xi_plus: 50.570686
xi_minus: 19.845487
rho: 16.714286
theta: 5.000000
constraints: 1927
continuous variables: 615
integer variables: 1246
binary variables: 524
running time: 19.359445
variables: 1861
