xi_plus: 63.147016
xi_minus: 29.745184
rho: 16.500000
theta: 5.000000
constraints: 2029
continuous variables: 615
integer variables: 1246
binary variables: 524
running time: 4.795668
variables: 1861
