xi_plus: 37.454545
xi_minus: 14.363636
rho: 15.909091
theta: 3.000000
constraints: 5719
continuous variables: 4405
integer variables: 580
binary variables: 580
running time: 4077.467644
variables: 4985
