xi_plus: 38.455205
xi_minus: 27.128345
rho: 4.168252
theta: 10.000000
constraints: 1825
continuous variables: 411
integer variables: 1246
binary variables: 524
running time: 7.923441
variables: 1657
