xi_plus: 49.000000
xi_minus: 36.000000
rho: 10.000000
theta: 7.000000
constraints: 3039
continuous variables: 2305
integer variables: 290
binary variables: 290
running time: 501.779441
variables: 2595
