xi_plus: 28.713614
xi_minus: 18.077250
rho: 3.577886
theta: 10.000000
constraints: 3291
continuous variables: 617
integer variables: 2492
binary variables: 1048
running time: 94.913746
variables: 3109
