xi_plus: 9.642271
xi_minus: 7.142171
rho: 2.500000
theta: 5.000000
constraints: 3699
continuous variables: 1025
integer variables: 2492
binary variables: 1048
running time: 4.380694
variables: 3517
