xi_plus: 0.000600
xi_minus: 0.000500
rho: 0.000100
theta: 5.000000
constraints: 3483
continuous variables: 1025
integer variables: 2480
binary variables: 1036
running time: 110.493897
variables: 3505
