xi_plus: 13.961150
xi_minus: 6.256845
rho: 5.000000
theta: 3.000000
constraints: 623
continuous variables: 413
integer variables: 28
binary variables: 28
running time: 0.009780
variables: 441
