xi_plus: 17.932396
xi_minus: 9.732706
rho: 4.944561
theta: 3.000000
constraints: 3483
continuous variables: 1025
integer variables: 2480
binary variables: 1036
running time: 128.005254
variables: 3505
