xi_plus: 33.676184
xi_minus: 22.277972
rho: 5.000000
theta: 7.000000
constraints: 3039
continuous variables: 2305
integer variables: 290
binary variables: 290
running time: 0.085418
variables: 2595
