xi_plus: 8.754787
xi_minus: 6.566165
rho: 2.188722
theta: 4.000000
constraints: 3699
continuous variables: 1025
integer variables: 2492
binary variables: 1048
running time: 17.997654
variables: 3517
