xi_plus: 18.433098
xi_minus: 9.037927
rho: 5.000000
theta: 5.000000
constraints: 3558
continuous variables: 827
integer variables: 2520
binary variables: 1076
running time: 7.607771
variables: 3347
