xi_plus: 13.468205
xi_minus: 5.882024
rho: 5.000000
theta: 3.000000
constraints: 623
continuous variables: 413
integer variables: 28
binary variables: 28
running time: 0.012510
variables: 441
