xi_plus: 17.235584
xi_minus: 7.661772
rho: 5.000000
theta: 5.000000
constraints: 3558
continuous variables: 827
integer variables: 2520
binary variables: 1076
running time: 1.318221
variables: 3347
