xi_plus: 2.797195
xi_minus: 1.301990
rho: 0.809547
theta: 5.000000
constraints: 3291
continuous variables: 617
integer variables: 2492
binary variables: 1048
running time: 0.834888
variables: 3109
