xi_plus: 24.333333
xi_minus: 14.166667
rho: 5.000000
theta: 5.000000
constraints: 3039
continuous variables: 2305
integer variables: 290
binary variables: 290
running time: 0.025873
variables: 2595
