xi_plus: 32.961537
xi_minus: 21.298737
rho: 5.000000
theta: 7.000000
constraints: 3039
continuous variables: 2305
integer variables: 290
binary variables: 290
running time: 0.113418
variables: 2595
