xi_plus: 5.870590
xi_minus: 4.370490
rho: 1.500000
theta: 5.000000
constraints: 3699
continuous variables: 1025
integer variables: 2492
binary variables: 1048
running time: 3.043480
variables: 3517
